a1 <-1.1